0606012359 12020173020273020183  7  7  6 15  7 12 15  7 100.52  8 79.40
0606022359 223232013101713 7127  9  9  7  5  4  6  5  3  60.31  0 77.50
0606032359 313 713 71710 3 7 77  5  3  5  3  6  4  2  3  40.10  0 78.10
0606042359 4 3 3 3 3 3 3 7 3 30  2  2  2  2  2  2  3  2  20.00 11 77.80
0606052359 5 7 7 3 3 31010 3 47  3  3  2  2  2  4  4  2  30.00 15 80.20
0606062359 62017404737375340290  7  6 27 39 22 22 56 27 261.26 18 80.30
0606072359 74033333033303347280 27 18 18 15 18 15 18 39 211.15 33 85.20
0606082359 84033373030403027267 27 18 22 15 15 27 15 12 191.05 33 82.50
0606092359 93320232317172317173 18  7  9  9  6  6  9  6  90.52 27 80.00
0606102359102320171323202317157  9  7  6  5  9  7  9  6  70.42 28 78.50
0606112359112017101017101017110  7  6  4  4  6  4  4  6  50.21 21 76.70
06061223591210 3 7 31310 710 63  4  2  3  2  5  4  3  4  30.10 17 76.50
06061323591310 3 3 3 7 3 7 7 43  4  2  2  2  3  2  3  3  30.00 16 79.50
06061423591410 7 71310132733120  4  3  3  5  4  5 12 18  70.31  8 77.70
0606152359152333434037373733283  9 18 32 27 22 22 22 18 211.15  8 78.80
0606162359163020231310172720160 15  7  9  5  4  6 12  7  80.42 12 77.70
06061723591720233317232020 7163  7  9 18  6  9  7  7  3  80.42 13 75.60
060618235918 317272710 7 710107  2  6 12 12  4  3  3  4  60.31 10 75.70
06061923591920 7 7 0 3 3 0 3 43  7  3  3  0  2  2  0  2  20.00 12 75.70
06062023592017 3 3 71010 3 3 57  6  2  2  3  4  4  2  2  30.10 12 75.30
060621235921 0 3 3 3 7 7 7 7 37  0  2  2  2  3  3  3  3  20.00 10 75.10
06062223592210201310131020 7103  4  7  5  4  5  4  7  3  50.21  0 74.40
060623235923 0 3 3 3 3 710 3 33  0  2  2  2  2  3  4  2  20.00  0 74.10
060624235924 0 3 3 3101013 7 50  0  2  2  2  4  4  5  3  30.00  0 76.10
0606252359252010 7101010 310 80  7  4  3  4  4  4  2  4  40.10  8 76.50
060626235926 3 3 0 3 7 3 3 0 23  2  2  0  2  3  2  2  0  20.00 10 79.00
060627235927 7 3 3 720172020 97  3  2  2  3  7  6  7  7  50.21 13 81.20
0606282360 12723333040202730230 12  9 18 15 27  7 12 15 140.84 24 86.30
0606292360 22720202323302727197 12  7  7  9  9 15 12 12 100.63 26 88.40
0606302360 32317202030201313157  9  6  7  7 15  7  5  5  80.42 25 89.00
0607012360 4 720101013 3 3 3 70  3  7  4  4  5  2  2  2  40.10 21 88.40
0607022360 5 3 3 3 3 3 7 3 0 27  2  2  2  2  2  3  2  0  20.00 17 90.00
0607032360 6 0 3 7 7 3 710 7 43  0  2  3  3  2  3  4  3  20.00 19 88.80
0607042360 7 310 72037303040177  2  4  3  7 22 15 15 27 120.73 20 95.10
0607052360 84340502017232330247 32 27 48  7  6  9  9 15 191.05 19 87.50
0607062360 93317271713171317153 18  6 12  6  5  6  5  6  80.42 20 87.90
0607072360101710101320231310117  6  4  4  5  7  9  5  4  60.21 20 82.60
060708236011 3 710 3 3 3 3 7 40  2  3  4  2  2  2  2  3  20.00 19 80.00
060709236012 3 3 3 3 3 3 733 60  2  2  2  2  2  2  3 18  40.10 17 77.10
0607102360132713 71730333013170 12  5  3  6 15 18 15  5 100.63  8 75.20
060711236014 3 7 71020232723120  2  3  3  4  7  9 12  9  60.31  8 73.60
0607122360152320234040171313190  9  7  9 27 27  6  5  5 120.73  7 72.90
0607132360162023171310 3 3 7 97  7  9  6  5  4  2  2  3  50.21  0 72.20
060714236017 713 72043403323187  3  5  3  7 32 27 18  9 130.73  8 73.30
060715236018 317131020 7 710 87  2  6  5  4  7  3  3  4  40.10  9 72.60
060716236019 01310 3 310 7 3 50  0  5  4  2  2  4  3  2  30.00 11 73.20
060717236020 710 7 710 710 0 57  3  4  3  3  4  3  4  0  30.10 12 73.30
060718236021 3 7 0 7 3 7 7 3 37  2  3  0  3  2  3  3  2  20.00 12 73.60
060719236022 710 3 0 0 0 3 7 30  3  4  2  0  0  0  2  3  20.00 13 73.40
060720236023 310 3 7 7 3 3 7 43  2  4  2  3  3  2  2  3  30.00  8 74.50
060721236024 7 3 3 3 3 0 3 0 23  3  2  2  2  2  0  2  0  20.00  0 75.00
060722236025 71710 7 3 7 317 70  3  6  4  3  2  3  2  6  40.10  8 75.90
06072323602613101010 7 7 7 7 70  5  4  4  4  3  3  3  3  40.10 10 78.90
060724236027 7 3171317231017107  3  2  6  5  6  9  4  6  50.21 11 79.50
0607252361 1232713 313101023123  9 12  5  2  5  4  4  9  60.31 10 77.90
0607262361 22713 710 710 3 3 80 12  5  3  4  3  4  2  2  40.21 10 77.00
0607272361 3 7 3 7 720203037130  3  2  3  3  7  7 15 22  80.42 10 76.70
0607282361 4605337302320 713243 80 56 22 15  9  7  3  5 251.26  9 74.90
0607292361 520 71010 7 713 7 80  7  3  4  4  3  3  5  3  40.10  9 75.20
0607302361 6101310 7 3 7 317 70  4  5  4  3  2  3  2  6  40.10 17 76.20
0607312361 71727303740232030223  6 12 15 22 27  9  7 15 140.84 15 74.60
0608012361 82730333023301017200 12 15 18 15  9 15  4  6 120.73  7 74.90
0608022361 92727202320171330177 12 12  7  9  7  6  5 15  90.52  7 74.30
0608032361102713 710 7 71313 97 12  5  3  4  3  3  5  5  50.21  9 73.40
060804236111 310 3 0 0 0 7 7 30  2  4  2  0  0  0  3  3  20.00  0 71.60
0608052361121313 7 3 3 3 7 3 53  5  5  3  2  2  2  3  2  30.10  0 71.50
060806236113 7 3 7 31013 3 7 53  3  2  3  2  4  5  2  3  30.10  0 71.50
0608072361143037505743473327323 15 22 48 67 32 39 18 12 321.36  0 71.80
06080823611523273323232023 7180  9 12 18  9  9  7  9  3 100.52  7 73.40
0608092361162033103020131030167  7 18  4 15  7  5  4 15  90.52 16 76.10
060810236117 7 3 3 3 7 3 730 63  3  2  2  2  3  2  3 15  40.10 17 82.50
060811236118131310132017 710103  5  5  4  5  7  6  3  4  50.21 16 86.20
06081223611920231310131710 7113  7  9  5  4  5  6  4  3  50.21 15 87.00
060813236120 0 0 3 7 3 7 3 3 27  0  0  2  3  2  3  2  2  20.00 16 88.10
060814236121 3 0 7 713 7 3 3 43  2  0  3  3  5  3  2  2  20.00 19 88.60
060815236122 3 7 7 7 310 313 53  2  3  3  3  2  4  2  5  30.10 19 87.80
06081623612310 3 3 710 3 3 7 47  4  2  2  3  4  2  2  3  30.00 19103.20
060817236124 0 3201017131720100  0  2  7  4  6  5  6  7  50.21 17 88.00
0608182361252037272323272027203  7 22 12  9  9 12  7 12 110.63 19 90.60
0608192361261710 72757575760290  6  4  3 12 67 67 67 80 381.46 15 90.90
0608202361275360201020232317227 56 80  7  4  7  9  9  6 221.15 10 90.20
0608212362 12030171720273043203  7 15  6  6  7 12 15 32 120.73 16 89.80
0608222362 23323504337433320283 18  9 48 32 22 32 18  7 231.15  9 82.70
0608232362 3172327 3 3 3 310 90  6  9 12  2  2  2  2  4  50.21 12 80.10
0608242362 42010 7 310171013 90  7  4  3  2  4  6  4  5  40.21 12 79.90
0608252362 5 3 0 010 3 3 3 0 23  2  0  0  4  2  2  2  0  20.00 15 78.90
0608262362 6 7 3 7 3 3 31310 50  3  2  3  2  2  2  5  4  30.10 14 77.30
0608272362 71717132740473730227  6  6  5 12 27 39 22 15 160.94 21 80.20
0608282362 83730231717272727203 22 15  9  6  6 12 12 12 120.73 22 78.00
0608292362 927172327132317 7153 12  6  9 12  5  9  6  3  80.42 17 74.40
0608302362101010232013172313130  4  4  9  7  5  6  9  5  60.31 12 75.70
0608312362111010231017272727150  4  4  9  4  6 12 12 12  80.42 22 84.70
0609012362123013202020333743217 15  5  7  7  7 18 22 32 140.84 21 78.30
0609022362132713 71313132323133 12  5  3  5  5  5  9  9  70.31 10 76.90
0609032362141723131313101020120  6  9  5  5  5  4  4  7  60.31  0 77.80
0609042362153757372320272720247 22 67 22  9  7 12 12  7 201.05  0 80.30
0609052362163023172717272013173 15  9  6 12  6 12  7  5  90.52 16 81.70
0609062362171720132023132310140  6  7  5  7  9  5  9  4  60.31 24 85.30
06090723621817233317232313 7157  6  9 18  6  9  9  5  3  80.42 29 88.10
060908236219131313 313 7 313 80  5  5  5  2  5  3  2  5  40.10 29 88.50
0609092362201310 3 0 0 0 0 3 30  5  4  2  0  0  0  0  2  20.00 30 86.70
060910236221101710 7 7171710 93  4  6  4  3  3  6  6  4  40.21 30 88.50
0609112362222330231317 7 3 7123  9 15  9  5  6  3  2  3  60.31 27 85.70
0609122362231710202010 31313107  6  4  7  7  4  2  5  5  50.21 19 85.10
060913236224 727231710 7 7 0 97  3 12  9  6  4  3  3  0  50.21 18 83.90
060914236225 723171310 7 3 3 83  3  9  6  5  4  3  2  2  40.10  9 83.80
060915236226 0 0 3 0 0 0 3 0 07  0  0  2  0  0  0  2  0  00.00  9 81.00
060916236227 7 3 0 3131710 0 53  3  2  0  2  5  6  4  0  30.00  8 80.10
0609172363 11013203737134033203  4  5  7 22 22  5 27 18 140.84 15 78.80
0609182363 24340333330274737290 32 27 18 18 15 12 39 22 231.15  7 75.10
0609192363 33330372320131713187 18 15 22  9  7  5  6  5 110.63  8 74.00
0609202363 4202010 3 3 3 7 0 67  7  7  4  2  2  2  3  0  30.10  8 71.50
0609212363 5 0 3 71010 7 7 7 50  0  2  3  4  4  3  3  3  30.00  8 72.00
0609222363 6 0 3 0 3 3 310 3 27  0  2  0  2  2  2  4  2  20.00 11 72.90
0609232363 7 31010 710173350140  2  4  4  3  4  6 18 48 110.63  8 70.90
0609242363 84750374737201723277 39 48 22 39 22  7  6  9 241.26  9 70.30
0609252363 92017133323101023150  7  6  5 18  9  4  4  9  80.42  8 70.60
0609262363101727171013171723140  6 12  6  4  5  6  6  9  70.31 10 71.00
0609272363112013 010 310 3 0 60  7  5  0  4  2  4  2  0  30.10  7 72.40
06092823631210 3 713 7 31013 67  4  2  3  5  3  2  4  5  40.10  8 73.30
06092923631320 3 7 3101717 0 77  7  2  3  2  4  6  6  0  40.10 24 76.80
060930236314 733404020231327203  3 18 27 27  7  9  5 12 140.84 25 77.90
0610012363154750433730301320270 39 48 32 22 15 15  5  7 231.15 25 78.60
0610022363162013231317171720140  7  5  9  5  6  6  6  7  60.31 23 78.00
0610032363171723131727201017143  6  9  5  6 12  7  4  6  70.31 16 76.70
061004236318 713 7 0 72310 3 70  3  5  3  0  3  9  4  2  40.10 16 76.70
06100523631910 710 710 31313 73  4  3  4  3  4  2  5  5  40.10 17 77.30
061006236320 0 01310 3 0 7 7 40  0  0  5  4  2  0  3  3  20.00 16 76.30
061007236321 31310 317333340153  2  5  4  2  6 18 18 27 100.63 16 76.40
0610082363222713 72017171310123 12  5  3  7  6  6  5  4  60.31 15 75.10
061009236323 32713 7 3 01713 83  2 12  5  3  2  0  6  5  40.21 15 74.80
06101023632410 3 3 3 3 3 3 3 33  4  2  2  2  2  2  2  2  20.00 10 75.00
061011236325101010 3 7 7 3 3 53  4  4  4  2  3  3  2  2  30.10  0 73.30
06101223632620 7 7101713 723103  7  3  3  4  6  5  3  9  50.21  0 73.30
0610132363272330474033305353310  9 15 39 27 18 15 56 56 291.36  0 72.90
0610142364 14340273323434040290 32 27 12 18  9 32 27 27 231.15  0 72.00
0610152364 22333232013202720180  9 18  9  7  5  7 12  7  90.52  0 70.70
0610162364 32017171013132023133  7  6  6  4  5  5  7  9  60.31  0 69.10
0610172364 413 3 310 7 7 7 7 57  5  2  2  4  3  3  3  3  30.10  0 69.10
0610182364 5131710 7 0 01310 70  5  6  4  3  0  0  5  4  30.10  0 69.00
0610192364 6 010 013 7 3 0 0 33  0  4  0  5  3  2  0  0  20.00 10 69.00
0610202364 72010232030303033197  7  4  9  7 15 15 15 18 110.63 10 70.40
0610212364 84330332730433727270 32 15 18 12 15 32 22 12 201.05 11 74.00
0610222364 92740271723273330223 12 27 12  6  9 12 18 15 140.84 15 75.10
06102323641010 0 310 7101017 67  4  0  2  4  3  4  4  6  30.10 27 75.70
061024236411 3 7201313 71710 90  2  3  7  5  5  3  6  4  40.21 21 74.00
06102523641217231310 7 7 7 0 83  6  9  5  4  3  3  3  0  40.10 10 73.90
061026236413 7 7 71010 3 0 0 43  3  3  3  4  4  2  0  0  20.00  0 71.00
061027236414 7 3 0 7 3 32323 70  3  2  0  3  2  2  9  9  40.10  8 71.10
0610282364151017232727303347213  4  6  9 12 12 15 18 39 140.84 10 73.70
0610292364163740372330274340277 22 27 22  9 15 12 32 27 211.15  0 72.30
0610302364173723273313201010173 22  9 12 18  5  7  4  4 100.63  9 74.60
06103123641820 0 3 710131723 93  7  0  2  3  4  5  6  9  40.21 23 78.90
0611012364191720101020201717130  6  7  4  4  7  7  6  6  60.31 32 85.30
0611022364202320101017273023160  9  7  4  4  6 12 15  9  80.42 42 86.80
06110323642120231323331313 3143  7  9  5  9 18  5  5  2  80.42 44 86.00
0611042364222027172013202317157  7 12  6  7  5  7  9  6  70.42 39 84.00
061105236423 01020202013 7 7 97  0  4  7  7  7  5  3  3  40.21 32 83.20
061106236424 0 013 7 0 0 710 37  0  0  5  3  0  0  3  4  20.00 24 82.10
061107236425 0 0 0 0 0 0 0 0 00  0  0  0  0  0  0  0  0  00.00 19 85.60
061108236426 7 0 0 0 0 0 0 0 07  3  0  0  0  0  0  0  0  00.00 26 84.80
061109236427 7 0 3 013303347133  3  0  2  0  5 15 18 39 100.63 18 87.70
0611102365 15050476040234027337 48 48 39 80 27  9 27 12 361.46  9 89.30
0611112365 24037403330403330283 27 22 27 18 15 27 18 15 211.15 11 95.00
0611122365 33027202017 7 3 3127 15 12  7  7  6  3  2  2  70.31 13 94.70
0611132365 4 7 710 0 0 0 0 0 23  3  3  4  0  0  0  0  0  10.00 21 93.20
0611142365 5 01310 710171730103  0  5  4  3  4  6  6 15  50.21 28 92.50
0611152365 62727 31310101327130 12 12  2  5  4  4  5 12  70.42 27 94.00
0611162365 7432317 7 7 7 3 3110 32  9  6  3  3  3  2  2  80.42 31 92.00
0611172365 8202710102313 7 3113  7 12  4  4  9  5  3  2  60.31 28 87.40
0611182365 9 0 0 0 7 3 3 3 3 20  0  0  0  3  2  2  2  2  10.00 28 86.80
06111923651013171720 0 3 0 3 73  5  6  6  7  0  2  0  2  40.10 27 82.90
061120236511 3 3 0 0 7 0 0 0 13  2  2  0  0  3  0  0  0  10.00 21 78.60
061121236512 7 0 0 0 7 0 0 0 13  3  0  0  0  3  0  0  0  10.00  0 75.60
061122236513 0 0 31717102730103  0  0  2  6  6  4 12 15  60.31  0 74.60
0611232365141320303330303340230  5  7 15 18 15 15 18 27 150.84  7 74.90
0611242365153043402733202723243 15 32 27 12 18  7 12  9 160.94  0 75.50
0611252365162730171730404030230 12 15  6  6 15 27 27 15 150.94  8 76.50
0611262365173033332323173330223 15 18 18  9  9  6 18 15 140.84  9 76.20
0611272365182320233013202710167  9  7  9 15  5  7 12  4  80.52 20 80.20
0611282365191313101320171723127  5  5  4  5  7  6  6  9  60.31 23 83.20
061129236520233720 7 3 71717130  9 22  7  3  2  3  6  6  70.42 24 82.70
0611302365212740504753431710287 12 27 48 39 56 32  6  4 281.26 35 81.80
06120123652210 7 710 7102717 93  4  3  3  4  3  4 12  6  50.21 34 81.80
061202236523 7 7 7 0 3 7 3 7 40  3  3  3  0  2  3  2  3  20.00 32 84.80
0612032365241017 7 0 3 71013 67  4  6  3  0  2  3  4  5  30.10 28 84.62
061204236525 0 0 0 0 0 0 3 3 07  0  0  0  0  0  0  2  2  00.00 24 93.62
061205236526 0 0 023 710 717 63  0  0  0  9  3  4  3  6  30.10 28 99.40
0612062365273737334740334737310 22 22 18 39 27 18 39 22 261.26 33 99.72
0612072366 15040433737372333300 48 27 32 22 22 22  9 18 251.26 31 92.92
0612082366 23350433733303730293 18 48 32 22 18 15 22 15 241.15 17 93.10
0612092366 3172013 3 0272737143  6  7  5  2  0 12 12 22  80.42 13 89.60
0612102366 42333202737402737243  9 18  7 12 22 27 12 22 160.94 14 87.30
0612112366 53037372017 72043210 15 22 22  7  6  3  7 32 140.84 17 89.40
0612122366 63053372343404040307 15 56 22  9 32 27 27 27 271.26 17 98.90
0612132366 7333310 7 3101027133 18 18  4  3  2  4  4 12  80.42 16 90.70
0612142366 83023202050535377327 15  9  7  7 48 56 56179 471.57 14 90.50
0612152366 98377675760404037460236179111 67 80 27 27 22 941.98 13 84.40
06121623661030331313 7273333190 15 18  5  5  3 12 18 18 120.73 12 79.70
061217236611301310 3 7132710113 15  5  4  2  3  5 12  4  60.31  9 78.70
0612182366121723102017272343180  6  9  4  7  6 12  9 32 110.63  0 72.30
0612192366133033203333232323220 15 18  7 18 18  9  9  9 130.73  0 70.60
0612202366144033302737374747297 27 18 15 12 22 22 39 39 241.26  0 69.20
0612212366154733373330332320257 39 18 22 18 15 18  9  7 181.05  0 70.00
0612222366163333374330272733263 18 18 22 32 15 12 12 18 181.05  0 70.80
0612232366172727372333403323243 12 12 22  9 18 27 18  9 160.94  0 70.30
0612242366182723232030333020207 12  9  9  7 15 18 15  7 120.73  8 71.10
061225236619332723132020 313153 18 12  9  5  7  7  2  5  80.42 10 73.90
061226236620131017 7201710 0 93  5  4  6  3  7  6  4  0  40.21 13 72.50
061227236621 7 7 3 3 7 7 3 3 40  3  3  2  2  3  3  2  2  20.00 12 70.90
061228236622 3 0 0 3 3 71313 43  2  0  0  2  2  3  5  5  20.00  0 73.80
06122923662310 3 0 3 3 710 7 43  4  2  0  2  2  3  4  3  20.00  0 75.80
06123023662410 3 310 7 710 3 53  4  2  2  4  3  3  4  2  30.10 10 77.40
061231236625 7 0 0 3 3 3 3 7 27  3  0  0  2  2  2  2  3  20.00 17 80.50
070101   0 013 7102737272023163  5  3  4 12 22 12  7  9  90.52 22 84.10
070102   0 14743234047302733290 39 32  9 27 39 15 12 18 241.26 24 87.00
070103   0 22337303743403037277  9 22 15 22 32 27 15 22 201.05 25 84.80
070104   0 33037403330332727257 15 22 27 18 15 18 12 12 170.94 25 86.40
070105   0 42723202330231717180 12  9  7  9 15  9  6  6  90.52 28 86.50
070106   0 51320 7 3 7271313103  5  7  3  2  3 12  5  5  50.21 27 84.40
070107   0 6 3 0 0 3 7 0 0 3 17  2  0  0  2  3  0  0  2  10.00 26 83.90
070108   0 7 713 0 3101013 3 60  3  5  0  2  4  4  5  2  30.10 30 85.10
070109   0 8 0 313 7101317 7 70  0  2  5  3  4  5  6  3  40.10 27 89.10
070110   0 9 323172013271310127  2  9  6  7  5 12  5  4  60.31 24 83.30
070111   0101323231320171710137  5  9  9  5  7  6  6  4  60.31 23 81.20
070112   01130 3 3 3 3 3 0 0 47 15  2  2  2  2  2  0  0  30.10 16 81.00
070113   012 0 0 0 0 0 0 0 0 00  0  0  0  0  0  0  0  0  00.00 17 78.70
070114   013 0 0 3 317 71320 63  0  0  2  2  6  3  5  7  30.10 11 79.40
070115   0142027303050302710223  7 12 15 15 48 15 12  4 160.94 11 79.30
070116   015 347101320272740187  2 39  4  5  7 12 12 27 140.84 11 76.10
070117   0164337403333274743303 32 22 27 18 18 12 39 32 251.26  9 75.60
070118   0173033333330333340267 15 18 18 18 15 18 18 27 181.05 10 74.40
070119   0183043202027232030213 15 32  7  7 12  9  7 15 130.73  8 73.90
070120   0193020232310131723160 15  7  9  9  4  5  6  9  80.42 18 76.30
070121   02023303020171717 3157  9 15 15  7  6  6  6  2  80.42 11 76.10
070122   021 7 01010 7 717 0 57  3  0  4  4  3  3  6  0  30.10 12 76.00
070123   0221320 310 3 3 0 0 53  5  7  2  4  2  2  0  0  30.00 10 76.80
070124   023 0 0 3 7 31010 7 40  0  0  2  3  2  4  4  3  20.00 11 77.90
070125   024 0 0 310 3 3 317 40  0  0  2  4  2  2  2  6  20.00  8 77.50
070126   025 7 310 710 7 010 53  3  2  4  3  4  3  0  4  30.10  7 77.30
070127   026 720 3 7 7 0 720 70  3  7  2  3  3  0  3  7  40.10  7 78.00
070128   0272320 7 7 3 31317 93  9  7  3  3  2  2  5  6  50.21  8 79.30
070129   1 13323302053534740300 18  9 15  7 56 56 39 27 281.26 18 84.10
070130   1 23743403337333740300 22 32 27 18 22 18 22 27 241.15 20 84.90
070131   1 33330333330404033273 18 15 18 18 15 27 27 18 201.05 20 86.60
070201   1 43017232313102327167 15  6  9  9  5  4  9 12  90.52 22 87.30
070202   1 5 7101710 713 710 80  3  4  6  4  3  5  3  4  40.10 22 87.70
070203   1 61717 7 7 0 0 0 0 47  6  6  3  3  0  0  0  0  20.00 21 84.80
070204   1 7 3 31010 0 0 3 7 37  2  2  4  4  0  0  2  3  20.00 17 81.30
070205   1 81013101020172020120  4  5  4  4  7  6  7  7  60.21 16 80.70
070206   1 917272720 31010 7120  6 12 12  7  2  4  4  3  60.31 15 79.60
070207   1103020273023233727217 15  7 12 15  9  9 22 12 130.73 15 79.80
070208   1112333232020271310170  9 18  9  7  7 12  5  4  90.52  8 76.30
070209   11217272010 3 71310107  6 12  7  4  2  3  5  4  50.21  7 74.60
070210   1132010 3 3 3171710 83  7  4  2  2  2  6  6  4  40.10  7 73.90
070211   114 0 7 0 0 0 01717 40  0  3  0  0  0  0  6  6  20.00  0 72.80
070212   115 3 3 32330272030140  2  2  2  9 15 12  7 15  80.42  0 71.80
070213   1163030232017334357253 15 15  9  7  6 18 32 67 211.15  0 70.90
070214   1174330303323334323260 32 15 15 18  9 18 32  9 181.05  0 70.90
070215   1182743202720233023213 12 32  7 12  7  9 15  9 130.73  0 71.80
070216   1192020171020172330157  7  7  6  4  7  6  9 15  80.42  0 72.90
070217   1202727131327231327170 12 12  5  5 12  9  5 12  90.52  8 73.50
070218   12117 0101713171713103  6  0  4  6  5  6  6  5  50.21  8 74.10
070219   122 0 0 3 71317 3 7 50  0  0  2  3  5  6  2  3  30.00 20 73.20
070220   123 0 3 0 7 3 7 010 30  0  2  0  3  2  3  0  4  20.00 17 73.10
070221   124 3 7 0 0 0 0 0 0 10  2  3  0  0  0  0  0  0  10.00 10 73.20
070222   125 0 0 0 0 713 717 43  0  0  0  0  3  5  3  6  20.00 16 73.90
070223   12617 7 0 0 3 710 7 50  6  3  0  0  2  3  4  3  30.00 15 73.60
070224   12720 0 3 3 3 0 3 3 37  7  0  2  2  2  0  2  2  20.00  8 73.90
070225   2 113 7 3 0 7 717 7 60  5  3  2  0  3  3  6  3  30.10  8 75.10
070226   2 230331717 0 0 0 0 97 15 18  6  6  0  0  0  0  60.31 15 73.90
070227   2 3 0 3302013303740173  0  2 15  7  5 15 22 27 120.73 15 73.40
070228   2 43743433727303040287 22 32 32 22 12 15 15 27 221.15  8 74.40
070301   2 5432727202723 7 7180 32 12 12  7 12  9  3  3 110.63  7 73.40
070302   2 6 013201010 71313 87  0  5  7  4  4  3  5  5  40.10  7 74.20
070303   2 7 0 0 3 0 7 7 3 7 27  0  0  2  0  3  3  2  3  20.00  7 72.00
070304   2 8 0 3101010 31320 70  0  2  4  4  4  2  5  7  40.10  8 71.30
070305   2 930 7 73020173723170 15  3  3 15  7  6 22  9 100.63 17 70.80
070306   2103747233737171033240 22 39  9 22 22  6  4 18 181.05 14 70.80
070307   2113733333330332727253 22 18 18 18 15 18 12 12 170.94  0 71.80
070308   2122720 7 7 3 310 3 80 12  7  3  3  2  2  4  2  40.21  0 71.40
070309   213 0 3 0 0 7 71010 37  0  2  0  0  3  3  4  4  20.00  0 70.60
070310   21417101010 7102010 93  6  4  4  4  3  4  7  4  40.21  0 70.20
070311   215 7 3102723232723143  3  2  4 12  9  9 12  9  80.42  9 70.10
070312   2161323102737273030197  5  9  4 12 22 12 15 15 120.73  8 70.30
070313   2175040404033333030297 48 27 27 27 18 18 15 15 241.26  7 70.60
070314   2183333202730232310200 18 18  7 12 15  9  9  4 120.73  0 69.20
070315   2191323272020202733183  5  9 12  7  7  7 12 18 100.52  0 68.50
070316   2204037101023101737183 27 22  4  4  9  4  6 22 120.73  0 68.00
070317   22130271717171713 0137 15 12  6  6  6  6  5  0  70.42  0 68.60
070318   222 7 3 7 71313 7 7 63  3  2  3  3  5  5  3  3  30.10  0 69.80
070319   223 0 7 310 3 3 3 7 37  0  3  2  4  2  2  2  3  20.00  0 69.50
070320   224 0 0 0 0 3 3 3 3 13  0  0  0  0  2  2  2  2  10.00  0 72.00
070321   225 0 0 7 3 7 3 0 0 20  0  0  3  2  3  2  0  0  10.00  0 72.30
070322   2261010 3 7 313 7 3 57  4  4  2  3  2  5  3  2  30.10  0 72.00
070323   227 313132327332333170  2  5  5  9 12 18  9 18 100.52  8 72.00
070324   3 14047373737171313240 27 39 22 22 22  6  5  5 181.05  8 72.40
070325   3 22313204333131013170  9  5  7 32 18  5  4  5 110.63  8 73.30
070326   3 31017131720433023173  4  6  5  6  7 32 15  9 100.63  9 73.50
070327   3 42027273313203317190  7 12 12 18  5  7 18  6 110.63  8 73.00
070328   3 530302013 71010 3123 15 15  7  5  3  4  4  2  70.31  8 74.30
070329   3 610 7 0 3 3 3 713 47  4  3  0  2  2  2  3  5  30.00  8 73.60
070330   3 72717131713 3 0 0 90 12  6  5  6  5  2  0  0  40.21  7 73.90
070331   3 8 0 310 713 7 720 67  0  2  4  3  5  3  3  7  30.10  0 73.10
