0601012353122713 71027171317130 12  5  3  4 12  6  5  6  70.31 25 84.50
0601022353131720172010131027133  6  7  6  7  4  5  4 12  60.31 24 81.70
06010323531423 7 0 0 71713 0 67  9  3  0  0  3  6  5  0  30.10 19 82.10
060104235315 310 3 7 3 3 7 0 37  2  4  2  3  2  2  3  0  20.00 17 81.20
060105235316 0 0131313101010 70  0  0  5  5  5  4  4  4  30.10 15 80.60
0601062353171723171330231310147  6  9  6  5 15  9  5  4  70.42 15 79.30
060107235318201717131327 7 3117  7  6  6  5  5 12  3  2  60.31  8 76.60
060108235319 0 317171310 3 7 70  0  2  6  6  5  4  2  3  40.10  7 75.60
060109235320 0 7 0 3 0 0 0 0 10  0  3  0  2  0  0  0  0  10.00  8 75.00
060110235321 0 0 0 0 710 3 3 23  0  0  0  0  3  4  2  2  10.00  8 75.20
060111235322 7 0 0 71013 7 3 47  3  0  0  3  4  5  3  2  20.00  8 74.70
060112235323171310 7 0 3 710 67  6  5  4  3  0  2  3  4  30.10  8 74.00
06011323532410 0 0 3101710 7 57  4  0  0  2  4  6  4  3  30.10  0 74.00
060114235325 7 3 010101317 3 63  3  2  0  4  4  5  6  2  30.10  8 74.90
0601152353262013 7 3 3202717110  7  5  3  2  2  7 12  6  60.21 20 78.30
060116235327 727232730303033207  3 12  9 12 15 15 15 18 120.73 24 81.10
0601172354 13037232017171310167 15 22  9  7  6  6  5  4  90.52 22 79.80
0601182354 22323274013271320187  9  9 12 27  5 12  5  7 110.63 28 82.90
0601192354 32013172027231727163  7  5  6  7 12  9  6 12  80.42 24 85.80
0601202354 420 7 71720273017143  7  3  3  6  7 12 15  6  70.42 16 87.90
0601212354 51723101717 3 0 0 87  6  9  4  6  6  2  0  0  40.10 19 90.90
0601222354 6 0 713202727 310107  0  3  5  7 12 12  2  4  60.31 31 89.90
0601232354 71337333733272337240  5 22 18 22 18 12  9 22 160.94 37 89.60
0601242354 830302713 7 7 010123 15 15 12  5  3  3  0  4  70.42 30 89.80
0601252354 917 7 313 7173037130  6  3  2  5  3  6 15 22  80.42 19 86.30
0601262354104043203330534353317 27 32  7 18 15 56 32 56 301.36 14 84.20
0601272354113317232727232327200 18  6  9 12 12  9  9 12 110.63  9 81.00
0601282354122320171710 32317130  9  7  6  6  4  2  9  6  60.31  7 77.60
0601292354131010 7 3 0 0 0 7 37  4  4  3  2  0  0  0  3  20.00  7 77.20
06013023541410 3 3 7 0 3 0 0 27  4  2  2  3  0  2  0  0  20.00  0 76.50
060131235415 0 3 0 0 713 3 3 30  0  2  0  0  3  5  2  2  20.00  0 75.30
060201235416 0 313 710 7 323 67  0  2  5  3  4  3  2  9  40.10  0 75.30
06020223541717 7 313 7 71717 87  6  3  2  5  3  3  6  6  40.10  0 75.10
060203235418 3 3 717 7133013 93  2  2  3  6  3  5 15  5  50.21  0 76.40
060204235419233013101010 3 3103  9 15  5  4  4  4  2  2  60.31  0 74.90
06020523542010 017 7 3 317 7 63  4  0  6  3  2  2  6  3  30.10  0 74.20
0602062354211737202037233037220  6 22  7  7 22  9 15 22 140.84  0 72.90
060207235422201310 0 3 71317 83  7  5  4  0  2  3  5  6  40.10  7 72.00
06020823542327 713 7 3 0 3 3 63 12  3  5  3  2  0  2  2  40.10  7 72.00
060209235424 0 0 3 710 01313 47  0  0  2  3  4  0  5  5  20.00 10 72.80
06021023542510 3 0 0 0 31730 63  4  2  0  0  0  2  6 15  40.10 10 73.20
060211235426202020 7202713 3130  7  7  7  3  7 12  5  2  60.31  8 74.10
060212235427233017 71013 0 0100  9 15  6  3  4  5  0  0  50.21  0 74.10
0602132355 1 0 0 0 0 7171010 43  0  0  0  0  3  6  4  4  20.00  9 74.40
0602142355 2 0 0 0 0 3 0 013 17  0  0  0  0  2  0  0  5  10.00 11 75.40
0602152355 3 710203020173337173  3  4  7 15  7  6 18 22 100.63 15 76.60
0602162355 43027302313131713167 15 12 15  9  5  5  6  5  90.52 15 77.30
0602172355 5102717 71010 310 93  4 12  6  3  4  4  2  4  50.21  7 77.30
0602182355 6 0 3 0 717 7 7 7 47  0  2  0  3  6  3  3  3  20.00  7 76.70
0602192355 72020201013132317137  7  7  7  4  5  5  9  6  60.31 12 74.80
0602202355 82320273343473333260  9  7 12 18 32 39 18 18 191.05  0 74.50
0602212355 93337304033373027267 18 22 15 27 18 22 15 12 191.05  0 74.20
0602222355104033333327331717233 27 18 18 18 12 18  6  6 150.94  0 74.40
06022323551117201313 3 31010 90  6  7  5  5  2  2  4  4  40.21  0 73.60
0602242355122717102323 7 3 3113 12  6  4  9  9  3  2  2  60.31  0 74.40
06022523551320 7 3 3 0 0 0 0 33  7  3  2  2  0  0  0  0  20.00  0 74.50
0602262355141023 7 313201727120  4  9  3  2  5  7  6 12  60.31  0 75.00
060227235515171317 7 7 0 313 77  6  5  6  3  3  0  2  5  40.10  7 75.50
060228235516 3 0102013 71723 93  2  0  4  7  5  3  6  9  40.21  7 75.70
060301235517302320233013 3 3147 15  9  7  9 15  5  2  2  80.42  0 75.60
060302235518 7 710 7 7 0 310 50  3  3  4  3  3  0  2  4  30.00  0 74.70
06030323551910 0 3 3 71013 3 50  4  0  2  2  3  4  5  2  30.00  0 74.20
060304235520 71013 7 3 0 010 50  3  4  5  3  2  0  0  4  30.00  9 73.80
060305235521 3 0 3 0 0 7 0 7 20  2  0  2  0  0  3  0  3  10.00 22 73.00
060306235522 7 3 71730273737163  3  2  3  6 15 12 22 22 110.63 14 72.50
0603072355234337231313 71717170 32 22  9  5  5  3  6  6 110.63  0 73.30
0603082355241713 3 717 71713 93  6  5  2  3  6  3  6  5  40.21  0 71.30
060309235525 0 7 0 0 3 72713 57  0  3  0  0  2  3 12  5  30.10  0 71.80
0603102355261323233030272347217  5  9  9 15 15 12  9 39 140.84  0 71.20
0603112355273730302310201313177 22 15 15  9  4  7  5  5 100.63  0 73.10
0603122356 1 0131717131013 0 83  0  5  6  6  5  4  5  0  40.10  9 72.30
0603132356 2 3 7 3 7 7 3 710 47  2  3  2  3  3  2  3  4  30.00  8 71.70
0603142356 3 0 0 0 710 3 320 43  0  0  0  3  4  2  2  7  20.00 14 72.80
0603152356 420202023172030 3153  7  7  7  9  6  7 15  2  80.42 14 73.40
0603162356 51723232317231013150  6  9  9  9  6  9  4  5  70.42 13 71.70
0603172356 6 0 3 310 7 3 717 50  0  2  2  4  3  2  3  6  30.00 21 71.30
0603182356 7 317334730505057287  2  6 18 39 15 48 48 67 301.36 16 71.70
0603192356 86353473743304037350 94 56 39 22 32 15 27 22 381.46 16 74.60
0603202356 94340403320234027267 32 27 27 18  7  9 27 12 201.05 19 76.20
0603212356102337171323403330217  9 22  6  5  9 27 18 15 140.84 19 76.10
06032223561130332710 7132723170 15 18 12  4  3  5 12  9 100.52 19 75.40
060323235612172010 7 3 7 3 7 73  6  7  4  3  2  3  2  3  40.10 18 76.10
06032423561313 3 310 7101323 83  5  2  2  4  3  4  5  9  40.10 21 75.40
06032523561417271310101327 3120  6 12  5  4  4  5 12  2  60.31 11 75.20
060326235615 713 01317233323130  3  5  0  5  6  9 18  9  70.31  0 73.30
0603272356163330 3 313271033153 18 15  2  2  5 12  4 18 100.52  0 74.00
060328235617133310 310131710110  5 18  4  2  4  5  6  4  60.31  9 79.00
0603292356181020 710 7 71723100  4  7  3  4  3  3  6  9  50.21 19 81.50
06033023561913 7 3 3 3 31720 70  5  3  2  2  2  2  6  7  40.10 20 83.70
06033123562010 01017171320 7 93  4  0  4  6  6  5  7  3  40.21 24 86.10
060401235621 0 0 0 3 7 3 0 0 13  0  0  0  2  3  2  0  0  10.00 35 86.90
060402235622 0 0 0 310 0 3 3 20  0  0  0  2  4  0  2  2  10.00 39 91.10
060403235623 0 0 0 3 3 7 3 7 23  0  0  0  2  2  3  2  3  20.00 44100.40
060404235624 3 3172017232733143  2  2  6  7  6  9 12 18  80.42 49 99.60
0604052356253747404053473320317 22 39 27 27 56 39 18  7 291.36 50 99.10
0604062356261327371317101317147  5 12 22  5  6  4  5  6  80.42 54 99.10
060407235627 7 310 7 7 3 0 7 43  3  2  4  3  3  2  0  3  20.00 46 94.70
0604082357 113 0 31710101017 80  5  0  2  6  4  4  4  6  40.10 41 91.30
0604092357 24350604343374760383 32 48 80 32 32 22 39 80 461.57 33 89.50
0604102357 33340372030272717230 18 27 22  7 15 12 12  6 150.84 36 89.10
0604112357 42023 71010 7 317 97  7  9  3  4  4  3  2  6  50.21 38 90.10
0604122357 5 0 3 0 0 3 3 3 0 13  0  2  0  0  2  2  2  0  10.00 41 81.60
0604132357 61320203040371730207  5  7  7 15 27 22  6 15 130.73 40 80.50
0604142357 74360677050534043427 32 80111132 48 56 27 32 651.77 36 79.40
0604152357 83740474340504337337 22 27 39 32 27 48 32 22 311.36 23 78.90
0604162357 93730232020231717187 22 15  9  7  7  9  6  6 100.63 15 77.00
060417235710201010 7 3 71333103  7  4  4  3  2  3  5 18  60.31  8 78.50
060418235711403010 7 3 71013120 27 15  4  3  2  3  4  5  80.42  7 76.50
06041923571217 0 7 7 3 3 3 7 47  6  0  3  3  2  2  2  3  30.00 14 76.50
060420235713 010 7233013 7 0 90  0  4  3  9 15  5  3  0  50.21 10 79.30
0604212357141013101020401313130  4  5  4  4  7 27  5  5  80.42  9 80.00
06042223571543433347332010 7237 32 32 18 39 18  7  4  3 191.05 11 83.20
06042323571610303013 713 320127  4 15 15  5  3  5  2  7  70.42  8 87.70
06042423571727201717 7 3 320113 12  7  6  6  3  2  2  7  60.31 11 93.90
06042523571827 7 3 31013 7 0 70 12  3  2  2  4  5  3  0  40.10 28 96.30
0604262357191717 7 3 3 7 3 0 57  6  6  3  2  2  3  2  0  30.10 35101.30
060427235720101310 71313 710 83  4  5  4  3  5  5  3  4  40.10 39102.00
0604282357213027373017 7 713167 15 12 22 15  6  3  3  5 100.63 37101.50
060429235722 7 3 3 7 3 3 3 7 37  3  2  2  3  2  2  2  3  20.00 32102.70
060430235723 0 0 0 0 0 0 0 0 00  0  0  0  0  0  0  0  0  00.00 37101.40
060501235724 0 310 7 0 0 0 3 23  0  2  4  3  0  0  0  2  10.00 33 94.80
06050223572517 010 3 71013 7 67  6  0  4  2  3  4  5  3  30.10 35 90.90
06050323572610 3 3 0 0 71717 57  4  2  2  0  0  3  6  6  30.10 34 90.40
060504235727 717272047332723200  3  6 12  7 39 18 12  9 130.84 36 93.40
0605052358 1403027231310 310157 27 15 12  9  5  4  2  4 100.52 32 88.20
0605062358 21327131337504347243  5 12  5  5 22 48 32 39 211.15 27 88.60
0605072358 33037503327202723247 15 22 48 18 12  7 12  9 181.05 32 87.80
0605082358 423272013 7 3 7 7107  9 12  7  5  3  2  3  3  60.21 28 86.30
0605092358 5 7 31013 310 310 60  3  2  4  5  2  4  2  4  30.10 28 84.20
0605102358 6 0 0 0 3 3 31727 53  0  0  0  2  2  2  6 12  30.10 19 79.80
0605112358 73037373030233337257 15 22 22 15 15  9 18 22 170.94 16 77.90
0605122358 84333332030172023220 32 18 18  7 15  6  7  9 140.84  7 77.30
0605132358 93333201717102323177 18 18  7  6  6  4  9  9 100.52  7 75.00
0605142358103027171313 7 710123 15 12  6  5  5  3  3  4  70.31  0 73.60
0605152358111010 7 3 7 7 713 63  4  4  3  2  3  3  3  5  30.10  0 73.20
060516235812 7 3 0 3 7 3 0 3 27  3  2  0  2  3  2  0  2  20.00  0 73.10
0605172358131317 7 71720 713100  5  6  3  3  6  7  3  5  50.21  0 73.60
0605182358141320302717433723210  5  7 15 12  6 32 22  9 140.84  8 75.00
060519235815172020 710132023130  6  7  7  3  4  5  7  9  60.31  8 77.10
06052023581617131717 7171713117  6  5  6  6  3  6  6  5  50.21 19 78.00
06052123581727 71013 3202713120 12  3  4  5  2  7 12  5  60.31 20 79.40
0605222358182710 71317232037153 12  4  3  5  6  9  7 22  80.52 28 85.10
0605232358193013131013 7 3 0 90 15  5  5  4  5  3  2  0  50.21 30 86.30
060524235820 31313101710 0 0 67  2  5  5  4  6  4  0  0  30.10 26 85.90
060525235821 31310 3 3 31317 67  2  5  4  2  2  2  5  6  40.10 25 85.90
06052623582213 7 7 31010 7 7 63  5  3  3  2  4  4  3  3  30.10 28 83.80
06052723582310 3 3 3 3 3 0 7 33  4  2  2  2  2  2  0  3  20.00 32 85.20
0605282358241017102013 71017103  4  6  4  7  5  3  4  6  50.21 37 87.00
060529235825 7 3 3 3 3 7 713 47  3  2  2  2  2  3  3  5  30.00 35 83.30
0605302358261010 31737232717143  4  4  2  6 22  9 12  6  80.42 32 82.30
060531235827231010 7171017 7100  9  4  4  3  6  4  6  3  50.21 27 80.60
