								
ANTH	30	40	47.2995	26	42	57.6751	1349.71	
BENI	26	11	43.1651	28	20	28.8028	1670.13	
BETH	28	14	59.1624	28	20	2.9933	1722.66	
BFTN	29	6	13.2460	26	17	52.1299	1380.67	
BISO	32	51	49.3243	27	25	44.7133	593.67	
BRIT	25	38	8.7093	27	46	35.8005	1166.78	
BRNK	25	48	12.0649	28	43	57.8218	1414.72	
BWES	32	20	50.5607	22	34	24.8252	941.88	
CALV	31	28	55.4511	19	45	43.0454	1011.43	
CPNT	34	21	11.8259	18	29	22.9438	258.09	
CTWN	33	57	5.1628	18	28	6.7848	83.64	
DEAR	30	39	54.7443	23	59	33.5034	1321.73	
DRBA	29	51	4.2348	31	1	24.4175	63.61	
ELDN	33	2	17.2649	27	49	43.2556	164.17	
EMLO	26	29	52.1033	29	59	1.8608	1798.07	
ERAS	23	41	11.9973	27	41	45.9248	868.55	
GDAL	25	9	41.2419	29	24	43.5046	921.56	
GEOA	34	0	7.9284	22	23	0.0983	228.89	
GEOR	34	0	5.1849	22	22	54.2807	233.39	
GREY	29	4	16.0853	30	34	39.5054	1186.64	
GRHM	33	19	12.2180	26	30	25.8170	674.55	
GRNT	32	14	52.9666	24	32	4.2284	805.81	
HEID	26	30	30.5833	28	22	22.4360	1568.16	
HNUS	34	25	28.6686	19	13	23.0250	63.07	
IXOP	30	8	45.8085	30	4	7.7763	997.03	
KLEY	28	44	34.7525	24	48	23.2906	1253.94	
KMAN	27	27	38.8108	23	25	56.9166	1363.11	
KOKS	30	33	52.1425	29	25	19.4931	1305.239	
KRUG	26	4	58.4222	27	45	58.5106	1758.80	
KSTD	27	39	48.8783	27	14	24.2798	1390.75	
LGBN	32	58	20.9566	18	9	27.9474	64.20	
LSMH	28	33	27.5506	29	46	53.3564	1043.62	
MALM	33	27	49.7707	18	43	51.0571	160.38
MBRG	25	46	25.5193	29	27	15.1610	1523.86
MFKG	25	48	18.0555	25	32	23.9005	1310.90
MRIV	29	12	32.1408	29	59	14.4973	1510.69
NSPT	25	28	31.2118	30	58	30.6164	728.81
NEWC	27	46	6.9567	29	58	35.5503	1268.63
NYLS	24	42	10.7764	28	24	21.5947	1192.99
OKNY	26	56	2.3516	26	44	17.3274	1356.63
PBWA	23	57	5.4165	31	8	3.5833	461.46
PELB	33	59	4.3755	25	36	39.6658	100.77
PLET	34	3	17.9680786344	23	22	1.1149	145.59
PMBG	29	36	2.6120	30	22	59.7681	744.00
POTG	24	0	47.4559	28	55	48.8853	1174.72
PRET	25	43	55.2950	28	16	57.4860	1387.35
PSKA	29	40	3.4924	22	44	57.4503	977.86
PTBG	23	55	23.5407	29	27	56.5260	1307.61
QTWN	31	54	29.1619	26	55	17.9819	1146.00
SBOK	29	40	9.5674	17	52	45.1624	1043.11
SCOT	30	17	7.9823	30	45	16.1927	80.30
SPRT	24	40	17.4719	30	11	6.8191	947.00
STBS	33	50	40.6301	18	50	12.0059	266.64
STNG	29	20	44.3678	31	17	26.1251	79.69
SUT1	32	22	48.7533	20	48	37.6701	1799.76
TDOU	23	4	47.6728	30	23	2.4287	630.23
TEMB	25	23	2.1459	28	16	22.7730	1095.58
ULDI	28	17	35.2212	31	25	15.3297	607.95
UPTA	28	24	25.9864	21	15	27.2698	868.71
VERG	26	39	39.1852	27	54	13.8022	1486.02
WELK	27	58	40.7301	26	44	15.1322	1413.442
WORC	33	38	41.5837	19	26	42.1444	288.20
UMTA							

